0.036423803719016164
0.03893538886167048
0.04126581481493249
0.04340175038751241
0.04533501825756478
0.04705651132600815
0.048549269323000355
0.049782280363156795
0.05070674806633404
0.05125633450111679
0.05135222507841718
0.05091285862236715
0.04986703733305138
0.04816816257820687
0.04580681226497184
0.04281896837337398
0.039287942487602145
0.035339276086916505
0.03112931277315295
0.026829397807203136
0.022608451505628853
0.018616818568795213
0.014973823921635328
0.011760536924255948
0.009018127122164639
0.006751165213508417
0.004934496244005004
0.003521990300384559
0.002455544110995304
0.0016730614968710265
0.0011146366550556822
0.0007266624673949479
0.00046398572531353084
