0.021795730945292083
0.030314950360151912
0.039253424477958064
0.04737919891807438
0.05348154661906009
0.056784161993191216
0.05722052150280796
0.055427020016034584
0.05245779580403272
0.04937136048126751
0.04688802901902486
0.045248638989032634
0.044280972202792486
0.04358561380237965
0.04273168170545538
0.04139077486004188
0.03939162961952252
0.036714522819014626
0.03345484762488715
0.02977881881934047
0.025883494592361146
0.021965405560058375
0.018198306573826793
0.014719363822425866
0.01162278911853574
0.008959710416024636
0.0067427895345412445
0.0049538992914679525
0.0035531755220034565
0.0024879867518201766
0.0017007535185207914
0.001135001943650023
0.0007394583967627057
