0.01960777459440383
0.021833830202682366
0.02431101730798109
0.027082569912085984
0.030176016407605546
0.03358949863484073
0.037278464467744105
0.04114561313389145
0.045037098834949996
0.04874741264083878
0.05203403722618719
0.054641089252775
0.05632911886757933
0.0569065341044479
0.05625724977584226
0.0543594410563549
0.05129173603998309
0.04722551175285989
0.04240461673079642
0.03711618740775224
0.03165770436600232
0.026305744964349932
0.02129104860774271
0.016782828311887144
0.012883221560680173
0.009630881027097603
0.007011350545819238
0.004971242620820753
0.0034333087904103343
0.002310091654026249
0.001514709759923562
0.0009682046027215433
0.0006035911736875912
