0.0195971169953255
0.022794708813744426
0.026128942061350066
0.029515990975980184
0.03285850267898972
0.03605099025641437
0.03898869847417839
0.04158218751749839
0.04378021600539854
0.04560008742450341
0.047153735606850856
0.048641066927323326
0.05027450696799397
0.052125733600443126
0.053955425678934354
0.05515553155569118
0.054916889712597665
0.0525948062488078
0.048070788128100374
0.04186630532972822
0.03492386629049899
0.028204953402398918
0.02235889745333802
0.017620236855722185
0.013910903534015797
0.011016455988806021
0.008721934739512176
0.006869684886542224
0.005360312310081351
0.004132249763559436
0.0031426154936570637
0.0023562098961036467
0.0017411628357768528
