0.010228671947375282
0.012189693843709753
0.01460075869043432
0.01753054836700592
0.021022641475918105
0.025078854460887964
0.029643533033071663
0.034592159750099646
0.039727738481165675
0.04478768863325193
0.04946240492790603
0.05342443184924876
0.056364819214857684
0.05803125769897462
0.05826160694321143
0.05700678632679041
0.05433872341867907
0.050441797611389186
0.045589336445423435
0.0401094702164602
0.034346385352216235
0.02862338648904537
0.023213202225399528
0.018319009578060284
0.0140672713796892
0.010511269094573132
0.007642624466748504
0.005407358055526638
0.0037231069593841194
0.002494807800245128
0.0016271457124259613
0.0010330861742376054
0.0006386328532638674
