0.020463648713060913
0.020774104091812347
0.021234538769030357
0.021937031749112372
0.022991417252545117
0.024515696046313637
0.026618982473351316
0.02937742551050479
0.03280596766780272
0.03683144469207442
0.0412744577102858
0.04584763369860415
0.05017561565553587
0.05383743541626105
0.05642584580607763
0.05761255348854823
0.05720513335218211
0.055182145699504435
0.05169776596843942
0.04705475362351504
0.04165247813354206
0.03592248736573719
0.030266059996550944
0.025006045851536332
0.020360177390345683
0.016436875365931733
0.013249336096634146
0.010740672113641147
0.00881240176978629
0.00735011090482601
0.006242650501217155
0.005393796791826635
0.004727209619748963
