0.0523293196992335
0.055115699907469624
0.05731392263179441
0.05885742692597649
0.05970443578084061
0.05983900213403447
0.059270072017852816
0.05802889722204597
0.05616535281689011
0.05374381802479671
0.050839235034123895
0.047533779588687826
0.04391430807755744
0.040070463910653824
0.0360931123415524
0.03207268936013193
0.02809711912265021
0.024249150692195184
0.020603224351715382
0.01722221781922205
0.01415456917370773
0.01143228349101115
0.009070204322842595
0.007066709098547334
0.005405733110283478
0.004059806223243041
0.0029936490566681608
0.002167841898643217
0.0015421414351634278
0.001078147315013368
0.000741173310542101
0.0005013200721275672
0.00033385328314365913
