0.03882848679904878
0.04819418255088668
0.05700152837475407
0.06393804519992047
0.06794460607753815
0.06858207383719858
0.06617356161955645
0.061648405496444625
0.05617382081953764
0.0507622116805826
0.04602515758784793
0.04213760293912204
0.03896133680567599
0.03622312455372568
0.033659532072090416
0.031091849840748677
0.028439336844834663
0.025698168822162738
0.02291098703467786
0.020140855789665613
0.017453696320847024
0.014908198912064278
0.01255086933932966
0.01041423527889565
0.008516949083769298
0.006865043087541539
0.0054538713574599565
0.004270403206232549
0.0032956056374259797
0.002506709181860358
0.0018792087517416885
0.0013885082375616833
0.0010111701825532959
