0.028370887166758223
0.03078502299755533
0.03324068884074345
0.03575390767526666
0.03833503638204411
0.04097857612108619
0.04365276109258023
0.04629121143358328
0.0487890896126065
0.05100577846042449
0.052775074664932656
0.05392240851338657
0.05428696847113145
0.05374523638402719
0.052231720839270815
0.04975286934463012
0.046391269032157796
0.04229907690639305
0.03768171916720562
0.032774752296542635
0.027817946397810652
0.02303089118986085
0.018593750612156054
0.014635449089355004
0.011229947642152282
0.008399765139665536
0.006124829003902149
0.004354250251699413
0.00301869092655984
0.002041481128900771
0.001347341095650292
0.0008682713029487348
0.0005467452540946568
