0.03093410239417542
0.032386715493376364
0.03401129162096897
0.03585433821407189
0.03794052125695262
0.04026177386362714
0.042768609940939714
0.04536570920238761
0.047913519243470135
0.0502368412752639
0.0521402128319631
0.05342857650542005
0.05393051534465577
0.053520545135141304
0.052136814652654996
0.04979116757627843
0.04656977329356386
0.04262417980296293
0.03815431803234913
0.033386323348928056
0.02854875802389406
0.02385080016931551
0.019465274511470256
0.015518253241863475
0.012085646392886167
0.00919602225583314
0.006838065496005765
0.00497069455526723
0.003533903435235336
0.0024587595791294536
0.0016755291044911488
0.0011194648892686753
0.0007342693530016093
