0.0265293363434312
0.030473245072492407
0.03452377603362603
0.038600639042617665
0.04261641660778448
0.046475493042098075
0.05007171772567864
0.0532860472354956
0.055986069260981736
0.05802946574703134
0.05927289977912219
0.059586507143713247
0.058872417847176686
0.05708404037044282
0.054241808003826934
0.05044117016831153
0.045849936968700614
0.04069436063415757
0.035235930111333254
0.02974300379168037
0.024462488086933874
0.019596516143879576
0.015287647958023717
0.011613998689633602
0.008593547312010664
0.006195243056481989
0.0043537293736378765
0.002984566417803817
0.0019975372133790963
0.001306636214765315
0.0008363389268329489
0.0005245141514534664
0.00032277403240718486
