0.016532212100290353
0.02121855034617818
0.02669555585935461
0.03284456702422627
0.03944077762893481
0.04615515746591834
0.052575444559674986
0.058246283179149136
0.06272388279056498
0.06563624581152805
0.06673746057582196
0.06594479845791947
0.06335059524362269
0.05920637313417679
0.053882850662813314
0.04781462694589636
0.041441012657079064
0.035154139307817
0.029262501442583806
0.023973606045518847
0.01939483442217116
0.015548165827533883
0.012392719089187243
0.009849149831595912
0.00782131463144356
0.006212575737610307
0.004936015836291755
0.003919231609909316
0.003105122594893566
0.002450256635556685
0.001922165709807025
0.0014965189824712951
0.001154701959558516
