0.028299290280422936
0.03234920636094715
0.03642523832520878
0.04041975060722221
0.044220414325033756
0.04771321314952032
0.050784498528278314
0.053322564381719395
0.05521970681688643
0.056375930446645336
0.05670519084478852
0.056144300863041036
0.054663548917325694
0.05227701816122154
0.0490499561630125
0.04510063574104274
0.04059505507208875
0.035734351929095166
0.03073652335529017
0.025815432466820394
0.021160730370193837
0.016922049331467782
0.013199753520546066
0.010043019612411195
0.007454509465636009
0.005399777802381043
0.00381904262345603
0.0026390407948
0.001783235480967232
0.0011793954652326855
0.000764298593903663
0.0004858648567253334
0.0003033354236627292
