0.02840447722108804
0.032649750093840614
0.03693414795516048
0.04111795150633256
0.045049504431889965
0.04857398460940238
0.0515433493924213
0.05382660217857254
0.05531950573522053
0.05595323864818365
0.05570259844953623
0.054595727953023414
0.05272517297773525
0.05024793457809768
0.04734642966540571
0.044139612010020576
0.04060784837186095
0.036643157350824615
0.032228817940314514
0.027571376940783963
0.02302711594383126
0.01890187425237144
0.015329545186149405
0.012301258758039455
0.009754514636545406
0.007629079090757646
0.005877354980507113
0.0044572845035754345
0.0033269419227743976
0.002443889781240564
0.0017667464358419643
0.00125696196200992
0.000880086226873991
