0.027249468033247033
0.031127038397336465
0.03501731486871762
0.03881350607376648
0.04240471166693767
0.04567940954901584
0.04852808513767881
0.050845332846354105
0.05253220748665109
0.05349979655589698
0.05367477081227222
0.05300702670904393
0.05147860783813881
0.04911217908097191
0.04597677764906892
0.04218865318454246
0.03790581076794153
0.03331621246632345
0.028621096289857706
0.024016081658997962
0.019673280198744286
0.01572736856357052
0.012267615139108814
0.009336500189612655
0.006934227323122063
0.005027435419873426
0.0035599720434197867
0.0024636848309076763
0.00166768200853179
0.0011051919203729776
0.0007178088275281316
0.00045740782429521776
0.0002862893283837715
