0.03711452370606585
0.03893538817991959
0.04070276627976838
0.04239400046957951
0.04397840378186577
0.045416791600391505
0.0466620750869557
0.04766107684760825
0.04835757419909362
0.048696393125790265
0.048628195045945545
0.04811445095865455
0.04713201309726028
0.04567669365193808
0.04376535020993887
0.041436148611424146
0.03874690082518406
0.03577162212455287
0.03259567816279446
0.029310062219970675
0.026005430471802576
0.02276651855824249
0.019667472492766756
0.01676847175790423
0.01411383214658532
0.011731583121733348
0.009634348198606275
0.007821237757880782
0.006280401573351508
0.004991882152452082
0.0039304499756278935
0.0030681727688011565
0.0023765563097131004
