0.005137113818834172
0.007456054226609482
0.011023469652395337
0.016741835891257183
0.02573140452400976
0.038609118638792655
0.054361249345529564
0.06975990286658995
0.0804255828980946
0.08331970836105536
0.0787234757950612
0.0698714222843247
0.06061637313419251
0.05326103307906204
0.04807548318970119
0.044182404904312064
0.040612720386706165
0.03681506193260015
0.03266192485334105
0.028271140031607595
0.02384888245569836
0.01960132242249909
0.01569510191305386
0.012243285663293699
0.00930434474134532
0.006888543520198486
0.004968471476293231
0.0034911778550064617
0.0023898735679801944
0.0015937920508627928
0.0010354810739594993
0.0006554000242495057
0.00040413319038528657
