0.02379483041365473
0.027494094466818206
0.03138012666661781
0.03540399177351742
0.03950735995418278
0.04361720116061796
0.047638922287651195
0.05144996153832163
0.054896661203017644
0.05779734607960274
0.05995366620483027
0.06117043570483266
0.06128179528529496
0.06017922725268061
0.05783554043808549
0.05431901479396304
0.049793612863340955
0.04450414704068607
0.03874871340118943
0.03284357282802698
0.027087163573507336
0.021729704507290042
0.016953084266682718
0.012863060658545998
0.009493038364102908
0.006816574059679292
0.004764691179145408
0.0032441103148214906
0.002153348565915955
0.0013948925189168587
0.0008828958937671517
0.0005468094992246918
0.00033189878483285925
