0.03317964608997807
0.03768798890410971
0.042091871316188766
0.04623090517876238
0.04994365361502337
0.053077592613598346
0.055498581669593275
0.057099064311632704
0.05780448000994598
0.0575776474152714
0.05642108549330251
0.05437732004790258
0.051527185881477464
0.04798604877511183
0.04389783931841191
0.039426900908917116
0.034747935135071184
0.03003472450206083
0.025448701205937552
0.021128664777206475
0.01718292082212456
0.013684790571180952
0.01067189532850353
0.008148991356905392
0.0060935801073657885
0.004463173256397523
0.0032030086483124534
0.0022531708277607637
0.0015543887181988323
0.0010521594966692912
0.0006991886157554531
0.00045638113269013493
0.00029274864166088204
