0.041204589148430996
0.044380696883232824
0.04721751580032128
0.04962300993214638
0.05151851590860839
0.05284662954601845
0.05358069207928739
0.0537348256232662
0.053370255931695455
0.05258960999174789
0.05151011531856486
0.05021482155629707
0.048698973918397434
0.0468458070642312
0.04446327850437745
0.041380852900672165
0.037560378928655366
0.03315445434825414
0.028473164676517903
0.0238784124291789
0.01966825122520942
0.01600994519362645
0.01293993154228656
0.010408164778040905
0.008330454544744244
0.006624314325534123
0.005223356610777013
0.0040774281401011235
0.003147563883988256
0.0024012857070871674
0.0018099253721743237
0.001347618497232029
0.0009911519242670028
